    0, 2033
    1, 2028
    2, 2031
    3, 2021
    4, 2032
    5, 2033
    6, 2031
    7, 2038
    8, 2031
    9, 2032
   10, 2026
   11, 2028
   12, 2022
   13, 2028
   14, 2037
   15, 2032
   16, 2035
   17, 2029
   18, 2023
   19, 2028
   20, 2027
   21, 2035
   22, 2024
   23, 2027
   24, 2031
   25, 2042
   26, 2033
   27, 2030
   28, 2028
   29, 2038
   30, 2036
   31, 2041
   32, 2419
   33, 4095
   34, 4095
   35,  947
   36,    0
   37, 2545
   38, 4095
   39, 2035
   40,    0
   41,    0
   42,  771
   43, 4095
   44, 3415
   45,    0
   46,    0
   47, 4095
   48, 4095
   49, 4095
   50, 2254
   51,  982
   52, 4095
   53, 4095
   54, 2036
   55,    0
   56,    0
   57,    0
   58, 3539
   59, 2317
   60,    0
   61,    0
   62, 2523
   63, 4095
   64, 4095
   65, 4095
   66, 3390
   67, 4095
   68, 4095
   69, 4095
   70,    0
   71,    0
   72,    0
   73, 1120
   74, 1046
   75,    0
   76,    0
   77,  465
   78, 2984
   79, 2961
   80, 2068
   81, 1990
   82, 3824
   83, 4095
   84, 4095
   85, 3062
   86, 2255
   87, 2774
   88, 3466
   89, 2876
   90,  857
   91,  472
   92, 2418
   93, 2525
   94,  227
   95,    0
   96,    0
   97, 1517
   98, 2786
   99, 1930
  100, 1244
  101, 3179
  102, 4095
  103, 4095
  104, 3917
  105,  932
  106,  700
  107, 2824
  108, 2839
  109,    0
  110,    0
  111,    0
  112, 1435
  113, 2321
  114,  620
  115,    0
  116, 1722
  117, 4095
  118, 4095
  119, 4095
  120, 2595
  121, 2416
  122, 4084
  123, 3927
  124,  882
  125,    0
  126,    0
  127, 2247
  128, 3217
  129, 1440
  130,    0
  131,  772
  132, 3614
  133, 4095
  134, 3476
  135, 2125
  136, 2521
  137, 3756
  138, 3506
  139, 1320
  140,    0
  141,    0
  142, 1164
  143, 2018
  144, 1164
  145,  368
  146, 1280
  147, 3068
  148, 3669
  149, 2751
  150, 1605
  151, 1528
  152, 2796
  153, 3809
  154, 3204
  155, 1772
  156, 1283
  157, 1989
  158, 2586
  159, 2167
  160, 1278
  161, 1192
  162, 2144
  163, 2884
  164, 2485
  165, 1535
  166, 1265
  167, 2009
  168, 2687
  169, 2409
  170, 1757
  171, 1945
  172, 2941
  173, 3503
  174, 2746
  175, 1429
  176,  807
  177, 1077
  178, 1326
  179, 1052
  180,  772
  181, 1222
  182, 2193
  183, 2695
  184, 2161
  185, 1409
  186, 1708
  187, 2959
  188, 3688
  189, 3222
  190, 2404
  191, 2231
  192, 2420
  193, 2077
  194, 1093
  195,  350
  196,  734
  197, 2094
  198, 3141
  199, 3060
  200, 2373
  201, 2166
  202, 2574
  203, 2788
  204, 2356
  205, 1882
  206, 2029
  207, 2406
  208, 2235
  209, 1431
  210,  709
  211,  652
  212, 1224
  213, 1783
  214, 1899
  215, 1777
  216, 1917
  217, 2339
  218, 2606
  219, 2288
  220, 1845
  221, 1877
  222, 2374
  223, 2808
  224, 2863
  225, 2621
  226, 2383
  227, 2199
  228, 1885
  229, 1394
  230, 1003
  231, 1078
  232, 1670
  233, 2292
  234, 2451
  235, 2244
  236, 2272
  237, 2662
  238, 3034
  239, 2935
  240, 2550
  241, 2317
  242, 2310
  243, 2095
  244, 1441
  245,  686
  246,  330
  247,  547
  248,  997
  249, 1303
  250, 1580
  251, 2180
  252, 3009
  253, 3427
  254, 3154
  255, 2543
  256, 2263
  257, 2481
  258, 2705
  259, 2427
  260, 1868
  261, 1522
  262, 1509
  263, 1560
  264, 1406
  265, 1251
  266, 1536
  267, 2244
  268, 2852
  269, 2933
  270, 2512
  271, 2110
  272, 2096
  273, 2245
  274, 2213
  275, 1989
  276, 1872
  277, 1975
  278, 2089
  279, 1861
  280, 1433
  281, 1161
  282, 1310
  283, 1679
  284, 1927
  285, 1942
  286, 1963
  287, 2114
  288, 2344
  289, 2386
  290, 2294
  291, 2288
  292, 2511
  293, 2757
  294, 2739
  295, 2385
  296, 2006
  297, 1746
  298, 1652
  299, 1474
  300, 1346
  301, 1422
  302, 1748
  303, 2134
  304, 2374
  305, 2425
  306, 2436
  307, 2523
  308, 2580
  309, 2502
  310, 2239
  311, 2015
  312, 1878
  313, 1780
  314, 1530
  315, 1272
  316, 1165
  317, 1328
  318, 1623
  319, 1915
  320, 2185
  321, 2431
  322, 2604
  323, 2588
  324, 2373
  325, 2078
  326, 1879
  327, 1857
  328, 1894
  329, 1903
  330, 1882
  331, 1928
  332, 2096
  333, 2210
  334, 2233
  335, 2269
  336, 2435
  337, 2635
  338, 2665
  339, 2462
  340, 2111
  341, 1805
  342, 1608
  343, 1494
  344, 1374
  345, 1384
  346, 1565
  347, 1869
  348, 2073
  349, 2072
  350, 1998
  351, 2022
  352, 2166
  353, 2284
  354, 2272
  355, 2207
  356, 2150
  357, 2124
  358, 2031
  359, 1859
  360, 1755
  361, 1788
  362, 1977
  363, 2145
  364, 2205
  365, 2144
  366, 2156
  367, 2231
  368, 2296
  369, 2255
  370, 2182
  371, 2198
  372, 2284
  373, 2324
  374, 2206
  375, 2013
  376, 1824
  377, 1725
  378, 1625
  379, 1526
  380, 1447
  381, 1511
  382, 1656
  383, 1817
  384, 1928
  385, 2036
  386, 2199
  387, 2429
  388, 2592
  389, 2643
  390, 2543
  391, 2420
  392, 2261
  393, 2039
  394, 1750
  395, 1482
  396, 1353
  397, 1379
  398, 1551
  399, 1770
  400, 2009
  401, 2280
  402, 2513
  403, 2657
  404, 2710
  405, 2663
  406, 2592
  407, 2488
  408, 2300
  409, 2004
  410, 1687
  411, 1426
  412, 1319
  413, 1307
  414, 1407
  415, 1577
  416, 1815
  417, 2056
  418, 2262
  419, 2357
  420, 2362
  421, 2326
  422, 2276
  423, 2211
  424, 2125
  425, 2018
  426, 1908
  427, 1832
  428, 1786
  429, 1760
  430, 1803
  431, 1921
  432, 2083
  433, 2237
  434, 2330
  435, 2368
  436, 2369
  437, 2338
  438, 2294
  439, 2207
  440, 2114
  441, 2019
  442, 1962
  443, 1893
  444, 1839
  445, 1782
  446, 1744
  447, 1753
  448, 1776
  449, 1814
  450, 1888
  451, 1996
  452, 2082
  453, 2128
  454, 2136
  455, 2113
  456, 2102
  457, 2079
  458, 2037
  459, 1958
  460, 1935
  461, 1934
  462, 1966
  463, 2011
  464, 2035
  465, 2084
  466, 2168
  467, 2259
  468, 2310
  469, 2348
  470, 2352
  471, 2329
  472, 2252
  473, 2110
  474, 1970
  475, 1856
  476, 1794
  477, 1808
  478, 1818
  479, 1817
  480, 1815
  481, 1855
  482, 1912
  483, 1961
  484, 1980
  485, 2017
  486, 2055
  487, 2079
  488, 2074
  489, 2048
  490, 1993
  491, 1990
  492, 1986
  493, 2015
  494, 2029
  495, 2047
  496, 2073
  497, 2104
  498, 2110
  499, 2093
  500, 2077
  501, 2106
  502, 2133
  503, 2146
  504, 2125
  505, 2087
  506, 2063
  507, 2061
  508, 2053
  509, 2031
  510, 2030
  511, 2044
  512, 2076
  513, 2088
  514, 2062
  515, 2019
  516, 1972
  517, 1949
  518, 1922
  519, 1886
  520, 1854
  521, 1850
  522, 1876
  523, 1900
  524, 1920
  525, 1935
  526, 1982
  527, 2047
  528, 2109
  529, 2157
  530, 2178
  531, 2190
  532, 2190
  533, 2180
  534, 2137
  535, 2080
  536, 2039
  537, 1986
  538, 1958
  539, 1935
  540, 1942
  541, 1984
  542, 2031
  543, 2087
  544, 2134
  545, 2181
  546, 2235
  547, 2253
  548, 2261
  549, 2202
  550, 2102
  551, 1981
  552, 1852
  553, 1747
  554, 1676
  555, 1630
  556, 1636
  557, 1695
  558, 1773
  559, 1895
  560, 2003
  561, 2130
  562, 2239
  563, 2328
  564, 2370
  565, 2365
  566, 2326
  567, 2247
  568, 2164
  569, 2062
  570, 1965
  571, 1915
  572, 1890
  573, 1891
  574, 1919
  575, 1971
  576, 2028
  577, 2079
  578, 2114
  579, 2146
  580, 2141
  581, 2146
  582, 2091
  583, 2042
  584, 1973
  585, 1925
  586, 1879
  587, 1859
  588, 1850
  589, 1858
  590, 1885
  591, 1910
  592, 1943
  593, 1978
  594, 2007
  595, 2043
  596, 2086
  597, 2132
  598, 2164
  599, 2207
  600, 2206
  601, 2239
  602, 2214
  603, 2211
  604, 2143
  605, 2083
  606, 2009
  607, 1941
  608, 1901
  609, 1868
  610, 1867
  611, 1904
  612, 1960
  613, 2031
  614, 2086
  615, 2129
  616, 2159
  617, 2168
  618, 2160
  619, 2106
  620, 2043
  621, 1950
  622, 1887
  623, 1818
  624, 1785
  625, 1776
  626, 1807
  627, 1883
  628, 1963
  629, 2066
  630, 2142
  631, 2213
  632, 2257
  633, 2278
  634, 2241
  635, 2183
  636, 2122
  637, 2027
  638, 1970
  639, 1899
  640, 1873
  641, 1888
  642, 1932
  643, 1999
  644, 2102
  645, 2164
  646, 2227
  647, 2242
  648, 2227
  649, 2184
  650, 2088
  651, 2002
  652, 1907
  653, 1843
  654, 1792
  655, 1787
  656, 1804
  657, 1854
  658, 1917
  659, 2007
  660, 2059
  661, 2115
  662, 2144
  663, 2152
  664, 2126
  665, 2098
  666, 2054
  667, 2024
  668, 2005
  669, 2006
  670, 2004
  671, 2043
  672, 2082
  673, 2105
  674, 2139
  675, 2138
  676, 2142
  677, 2104
  678, 2078
  679, 2040
  680, 1994
  681, 1976
  682, 1947
  683, 1943
  684, 1934
  685, 1959
  686, 1973
  687, 2017
  688, 2038
  689, 2055
  690, 2056
  691, 2047
  692, 2028
  693, 2006
  694, 1972
  695, 1954
  696, 1946
  697, 1957
  698, 1977
  699, 2015
  700, 2047
  701, 2098
  702, 2126
  703, 2138
  704, 2134
  705, 2123
  706, 2095
  707, 2082
  708, 2064
  709, 2020
  710, 2009
  711, 1996
  712, 2009
  713, 2022
  714, 2055
  715, 2063
  716, 2062
  717, 2061
  718, 2053
  719, 2021
  720, 2003
  721, 1961
  722, 1943
  723, 1927
  724, 1921
  725, 1925
  726, 1943
  727, 1974
  728, 2020
  729, 2052
  730, 2089
  731, 2105
  732, 2129
  733, 2126
  734, 2106
  735, 2092
  736, 2046
  737, 2028
  738, 1999
  739, 1994
  740, 1986
  741, 1987
  742, 2013
  743, 2033
  744, 2066
  745, 2079
  746, 2089
  747, 2094
  748, 2084
  749, 2081
  750, 2059
  751, 2048
  752, 2004
  753, 2004
  754, 1975
  755, 1980
  756, 1968
  757, 1974
  758, 1969
  759, 1980
  760, 1983
  761, 2011
  762, 2011
  763, 2033
  764, 2033
  765, 2049
  766, 2060
  767, 2065
  768, 2081
  769, 2083
  770, 2088
  771, 2078
  772, 2072
  773, 2065
  774, 2045
  775, 2036
  776, 2032
  777, 2027
  778, 2011
  779, 2021
  780, 2008
  781, 2023
  782, 2012
  783, 2019
  784, 2008
  785, 2027
  786, 2021
  787, 2034
  788, 2024
  789, 2031
  790, 2019
  791, 2014
  792, 2017
  793, 2010
  794, 2001
  795, 2003
  796, 1994
  797, 2007
  798, 2008
  799, 2010
  800, 2012
  801, 2028
  802, 2056
  803, 2070
  804, 2099
  805, 2097
  806, 2116
  807, 2107
  808, 2100
  809, 2083
  810, 2071
  811, 2041
  812, 2025
  813, 2005
  814, 1979
  815, 1976
  816, 1969
  817, 1960
  818, 1974
  819, 1987
  820, 1994
  821, 2020
  822, 2038
  823, 2045
  824, 2054
  825, 2058
  826, 2047
  827, 2032
  828, 2024
  829, 2016
  830, 1996
  831, 1991
  832, 1996
  833, 2013
  834, 2033
  835, 2042
  836, 2056
  837, 2078
  838, 2085
  839, 2097
  840, 2094
  841, 2091
  842, 2068
  843, 2060
  844, 2031
  845, 2017
  846, 1999
  847, 2001
  848, 1997
  849, 2012
  850, 2015
  851, 2019
  852, 2021
  853, 2016
  854, 2030
  855, 2020
  856, 2023
  857, 2016
  858, 2000
  859, 1992
  860, 1993
  861, 1999
  862, 2000
  863, 2022
  864, 2026
  865, 2040
  866, 2060
  867, 2060
  868, 2064
  869, 2075
  870, 2067
  871, 2073
  872, 2060
  873, 2051
  874, 2044
  875, 2024
  876, 2039
  877, 2034
  878, 2041
  879, 2044
  880, 2041
  881, 2048
  882, 2049
  883, 2040
  884, 2039
  885, 2019
  886, 2015
  887, 2005
  888, 2002
  889, 1993
  890, 1983
  891, 1993
  892, 1992
  893, 2001
  894, 2007
  895, 2023
  896, 2018
  897, 2032
  898, 2035
  899, 2043
  900, 2043
  901, 2036
  902, 2055
  903, 2046
  904, 2059
  905, 2064
  906, 2071
  907, 2076
  908, 2066
  909, 2074
  910, 2067
  911, 2066
  912, 2052
  913, 2046
  914, 2043
  915, 2021
  916, 2008
  917, 1992
  918, 1975
  919, 1981
  920, 1969
  921, 1980
  922, 1983
  923, 1995
  924, 2008
  925, 2021
  926, 2029
  927, 2043
  928, 2043
  929, 2050
  930, 2040
  931, 2042
  932, 2048
  933, 2054
  934, 2052
  935, 2051
  936, 2057
  937, 2041
  938, 2048
  939, 2041
  940, 2044
  941, 2044
  942, 2050
  943, 2036
  944, 2044
  945, 2034
  946, 2046
  947, 2042
  948, 2037
  949, 2028
  950, 2033
  951, 2025
  952, 2033
  953, 2024
  954, 2023
  955, 2010
  956, 1997
  957, 2000
  958, 1995
  959, 1989
  960, 1991
  961, 1988
  962, 1998
  963, 2005
  964, 2016
  965, 2029
  966, 2038
  967, 2048
  968, 2055
  969, 2071
  970, 2075
  971, 2083
  972, 2073
  973, 2069
  974, 2051
  975, 2039
  976, 2030
  977, 2030
  978, 2022
  979, 2017
  980, 2026
  981, 2031
  982, 2057
  983, 2046
  984, 2057
  985, 2050
  986, 2050
  987, 2042
  988, 2027
  989, 2017
  990, 1990
  991, 1986
  992, 1975
  993, 1970
  994, 1974
  995, 1983
  996, 1990
  997, 2006
  998, 2032
  999, 2041
 1000, 2058
 1001, 2067
 1002, 2075
 1003, 2072
 1004, 2074
 1005, 2070
 1006, 2065
 1007, 2050
 1008, 2033
 1009, 2043
 1010, 2034
 1011, 2033
 1012, 2036
 1013, 2037
 1014, 2044
 1015, 2040
 1016, 2048
 1017, 2045
 1018, 2041
 1019, 2038
 1020, 2027
 1021, 2028
 1022, 2009
 1023, 2008
 1024, 1993
 1025, 2001
 1026, 1988
 1027, 2000
 1028, 1999
 1029, 2011
 1030, 2009
 1031, 2012
 1032, 2029
 1033, 2031
 1034, 2030
 1035, 2048
 1036, 2039
 1037, 2048
 1038, 2059
 1039, 2059
 1040, 2054
 1041, 2057
 1042, 2055
 1043, 2056
 1044, 2054
 1045, 2054
 1046, 2050
 1047, 2052
 1048, 2030
 1049, 2034
 1050, 2013
 1051, 2022
 1052, 2015
 1053, 2025
 1054, 2017
 1055, 2029
 1056, 2030
 1057, 2023
 1058, 2026
 1059, 2036
 1060, 2020
 1061, 2018
 1062, 2016
 1063, 2003
 1064, 2009
 1065, 2000
 1066, 2009
 1067, 2009
 1068, 2018
 1069, 2040
 1070, 2048
 1071, 2061
 1072, 2072
 1073, 2075
 1074, 2068
 1075, 2053
 1076, 2040
 1077, 2043
 1078, 2027
 1079, 2024
 1080, 2022
 1081, 2005
 1082, 2011
 1083, 2009
 1084, 2022
 1085, 2029
 1086, 2042
 1087, 2040
 1088, 2053
 1089, 2040
 1090, 2046
 1091, 2042
 1092, 2025
 1093, 2019
 1094, 2004
 1095, 2006
 1096, 1998
 1097, 1994
 1098, 2001
 1099, 2004
 1100, 2031
 1101, 2035
 1102, 2054
 1103, 2055
 1104, 2053
 1105, 2061
 1106, 2060
 1107, 2051
 1108, 2047
 1109, 2037
 1110, 2029
 1111, 2033
 1112, 2025
 1113, 2023
 1114, 2026
 1115, 2022
 1116, 2032
 1117, 2029
 1118, 2029
 1119, 2040
 1120, 2023
 1121, 2031
 1122, 2023
 1123, 2025
 1124, 2023
 1125, 2016
 1126, 2013
 1127, 2019
 1128, 2030
 1129, 2029
 1130, 2035
 1131, 2040
 1132, 2042
 1133, 2037
 1134, 2040
 1135, 2027
 1136, 2036
 1137, 2042
 1138, 2029
 1139, 2034
 1140, 2033
 1141, 2028
 1142, 2040
 1143, 2037
 1144, 2040
 1145, 2049
 1146, 2042
 1147, 2050
 1148, 2037
 1149, 2040
 1150, 2036
 1151, 2036
 1152, 2018
 1153, 2025
 1154, 2022
 1155, 2016
 1156, 2014
 1157, 2014
 1158, 2014
 1159, 2005
 1160, 2016
 1161, 2008
 1162, 2018
 1163, 2012
 1164, 2018
 1165, 2018
 1166, 2024
 1167, 2036
 1168, 2032
 1169, 2050
 1170, 2051
 1171, 2059
 1172, 2062
 1173, 2057
 1174, 2062
 1175, 2055
 1176, 2045
 1177, 2045
 1178, 2029
 1179, 2019
 1180, 2029
 1181, 2017
 1182, 2033
 1183, 2027
 1184, 2043
 1185, 2036
 1186, 2033
 1187, 2038
 1188, 2028
 1189, 2021
 1190, 2018
 1191, 2008
 1192, 2018
 1193, 2005
 1194, 2003
 1195, 2006
 1196, 2002
 1197, 2015
 1198, 2019
 1199, 2024
 1200, 2036
 1201, 2035
 1202, 2048
 1203, 2058
 1204, 2054
 1205, 2053
 1206, 2060
 1207, 2043
 1208, 2048
 1209, 2034
 1210, 2035
 1211, 2030
 1212, 2034
 1213, 2032
 1214, 2031
 1215, 2026
 1216, 2031
 1217, 2018
 1218, 2021
 1219, 2017
 1220, 2029
 1221, 2032
 1222, 2043
 1223, 2030
 1224, 2037
 1225, 2035
 1226, 2037
 1227, 2039
 1228, 2041
 1229, 2037
 1230, 2024
 1231, 2025
 1232, 2028
 1233, 2013
 1234, 2023
 1235, 2016
 1236, 2018
 1237, 2017
 1238, 2017
 1239, 2025
 1240, 2023
 1241, 2036
 1242, 2038
 1243, 2047
 1244, 2040
 1245, 2048
 1246, 2051
 1247, 2056
 1248, 2043
 1249, 2046
 1250, 2037
 1251, 2034
 1252, 2032
 1253, 2019
 1254, 2016
 1255, 2010
 1256, 2020
 1257, 2015
 1258, 2011
 1259, 2022
 1260, 2019
 1261, 2033
 1262, 2027
 1263, 2034
 1264, 2029
 1265, 2027
 1266, 2032
 1267, 2032
 1268, 2034
 1269, 2013
 1270, 2025
 1271, 2019
 1272, 2023
 1273, 2025
 1274, 2024
 1275, 2041
 1276, 2040
 1277, 2057
 1278, 2058
 1279, 2056
 1280, 2051
 1281, 2045
 1282, 2049
 1283, 2038
 1284, 2038
 1285, 2023
 1286, 2014
 1287, 2006
 1288, 2010
 1289, 2015
 1290, 2009
 1291, 2022
 1292, 2011
 1293, 2026
 1294, 2024
 1295, 2032
 1296, 2028
 1297, 2039
 1298, 2041
 1299, 2033
 1300, 2042
 1301, 2044
 1302, 2035
 1303, 2036
 1304, 2027
 1305, 2024
 1306, 2032
 1307, 2037
 1308, 2046
 1309, 2033
 1310, 2039
 1311, 2037
 1312, 2032
 1313, 2037
 1314, 2026
 1315, 2024
 1316, 2029
 1317, 2018
 1318, 2023
 1319, 2025
 1320, 2031
 1321, 2027
 1322, 2037
 1323, 2029
 1324, 2027
 1325, 2033
 1326, 2031
 1327, 2034
 1328, 2031
 1329, 2037
 1330, 2034
 1331, 2049
 1332, 2037
 1333, 2035
 1334, 2035
 1335, 2027
 1336, 2030
 1337, 2012
 1338, 2034
 1339, 2015
 1340, 2023
 1341, 2019
 1342, 2015
 1343, 2022
 1344, 2034
 1345, 2038
 1346, 2031
 1347, 2041
 1348, 2048
 1349, 2048
 1350, 2047
 1351, 2053
 1352, 2037
 1353, 2036
 1354, 2034
 1355, 2034
 1356, 2012
 1357, 2011
 1358, 2008
 1359, 2013
 1360, 2013
 1361, 2015
 1362, 2018
 1363, 2026
 1364, 2036
 1365, 2037
 1366, 2055
 1367, 2047
 1368, 2054
 1369, 2055
 1370, 2049
 1371, 2035
 1372, 2033
 1373, 2027
 1374, 2019
 1375, 2027
 1376, 2029
 1377, 2028
 1378, 2039
 1379, 2035
 1380, 2044
 1381, 2044
 1382, 2042
 1383, 2043
 1384, 2033
 1385, 2037
 1386, 2024
 1387, 2027
 1388, 2019
 1389, 2003
 1390, 2001
 1391, 2000
 1392, 2018
 1393, 2016
 1394, 2021
 1395, 2018
 1396, 2014
 1397, 2027
 1398, 2031
 1399, 2036
 1400, 2037
 1401, 2042
 1402, 2050
 1403, 2040
 1404, 2043
 1405, 2041
 1406, 2037
 1407, 2047
 1408, 2042
 1409, 2043
 1410, 2038
 1411, 2039
 1412, 2033
 1413, 2028
 1414, 2018
 1415, 2031
 1416, 2021
 1417, 2018
 1418, 2024
 1419, 2023
 1420, 2024
 1421, 2023
 1422, 2034
 1423, 2040
 1424, 2037
 1425, 2031
 1426, 2034
 1427, 2035
 1428, 2038
 1429, 2044
 1430, 2029
 1431, 2029
 1432, 2029
 1433, 2023
 1434, 2021
 1435, 2020
 1436, 2019
 1437, 2023
 1438, 2017
 1439, 2039
 1440, 2023
 1441, 2038
 1442, 2034
 1443, 2045
 1444, 2048
 1445, 2042
 1446, 2043
 1447, 2033
 1448, 2029
 1449, 2022
 1450, 2028
 1451, 2025
 1452, 2035
 1453, 2023
 1454, 2035
 1455, 2031
 1456, 2034
 1457, 2036
 1458, 2046
 1459, 2030
 1460, 2031
 1461, 2022
 1462, 2028
 1463, 2015
 1464, 2013
 1465, 2014
 1466, 2020
 1467, 2031
 1468, 2032
 1469, 2035
 1470, 2035
 1471, 2038
 1472, 2039
 1473, 2044
 1474, 2037
 1475, 2036
 1476, 2035
 1477, 2040
 1478, 2038
 1479, 2037
 1480, 2032
 1481, 2039
 1482, 2032
 1483, 2033
 1484, 2029
 1485, 2024
 1486, 2038
 1487, 2026
 1488, 2023
 1489, 2022
 1490, 2015
 1491, 2027
 1492, 2016
 1493, 2020
 1494, 2019
 1495, 2028
 1496, 2028
 1497, 2024
 1498, 2035
 1499, 2030
 1500, 2032
 1501, 2027
 1502, 2031
 1503, 2031
 1504, 2031
 1505, 2034
 1506, 2034
 1507, 2046
 1508, 2049
 1509, 2044
 1510, 2041
 1511, 2039
 1512, 2038
 1513, 2028
 1514, 2028
 1515, 2031
 1516, 2026
 1517, 2022
 1518, 2021
 1519, 2022
 1520, 2024
 1521, 2034
 1522, 2028
 1523, 2035
 1524, 2037
 1525, 2031
 1526, 2036
 1527, 2025
 1528, 2039
 1529, 2027
 1530, 2040
 1531, 2031
 1532, 2036
 1533, 2023
 1534, 2035
 1535, 2039
 1536, 2032
 1537, 2036
 1538, 2023
 1539, 2024
 1540, 2036
 1541, 2031
 1542, 2033
 1543, 2024
 1544, 2031
 1545, 2027
 1546, 2038
 1547, 2031
 1548, 2038
 1549, 2031
 1550, 2028
 1551, 2036
 1552, 2023
 1553, 2020
 1554, 2026
 1555, 2020
 1556, 2026
 1557, 2024
 1558, 2027
 1559, 2032
 1560, 2043
 1561, 2031
 1562, 2034
 1563, 2030
 1564, 2040
 1565, 2036
 1566, 2034
 1567, 2035
 1568, 2020
 1569, 2028
 1570, 2025
 1571, 2029
 1572, 2035
 1573, 2033
 1574, 2031
 1575, 2034
 1576, 2036
 1577, 2030
 1578, 2037
 1579, 2033
 1580, 2032
 1581, 2034
 1582, 2029
 1583, 2031
 1584, 2025
 1585, 2042
 1586, 2035
 1587, 2036
 1588, 2032
 1589, 2029
 1590, 2031
 1591, 2028
 1592, 2021
 1593, 2025
 1594, 2025
 1595, 2028
 1596, 2025
 1597, 2035
 1598, 2024
 1599, 2033
 1600, 2024
 1601, 2033
 1602, 2033
 1603, 2039
 1604, 2037
 1605, 2027
 1606, 2027
 1607, 2036
 1608, 2027
 1609, 2027
 1610, 2034
 1611, 2029
 1612, 2026
 1613, 2031
 1614, 2029
 1615, 2034
 1616, 2021
 1617, 2022
 1618, 2020
 1619, 2030
 1620, 2036
 1621, 2029
 1622, 2032
 1623, 2030
 1624, 2037
 1625, 2036
 1626, 2033
 1627, 2040
 1628, 2041
 1629, 2042
 1630, 2036
 1631, 2037
 1632, 2033
 1633, 2040
 1634, 2020
 1635, 2036
 1636, 2014
 1637, 2037
 1638, 2019
 1639, 2029
 1640, 2028
 1641, 2041
 1642, 2044
 1643, 2036
 1644, 2046
 1645, 2030
 1646, 2026
 1647, 2037
 1648, 2033
 1649, 2030
 1650, 2023
 1651, 2031
 1652, 2029
 1653, 2018
 1654, 2022
 1655, 2025
 1656, 2030
 1657, 2031
 1658, 2028
 1659, 2042
 1660, 2031
 1661, 2026
 1662, 2033
