    0, 2042
    1, 2029
    2, 2036
    3, 2028
    4, 2036
    5, 2018
    6, 2032
    7, 2031
    8, 2036
    9, 2020
   10, 2032
   11, 2022
   12, 2036
   13, 2028
   14, 2031
   15, 2038
   16, 2028
   17, 2040
   18, 2035
   19, 2034
   20, 2032
   21, 2029
   22, 2023
   23, 2029
   24, 2031
   25, 2024
   26, 2034
   27, 2030
   28, 2024
   29, 2536
   30, 4095
   31, 2040
   32,    0
   33, 4095
   34, 4095
   35,    0
   36,    0
   37, 4095
   38, 2042
   39,    0
   40,    0
   41,    0
   42, 1768
   43,    0
   44,    0
   45,    0
   46,    0
   47, 2599
   48, 4095
   49, 4095
   50, 4095
   51, 4095
   52, 4095
   53, 4095
   54, 2038
   55, 1115
   56, 4095
   57, 4095
   58,    0
   59,    0
   60, 4095
   61, 4095
   62,    0
   63,    0
   64,    0
   65,    0
   66,    0
   67,    0
   68, 3684
   69, 2043
   70,    0
   71,    0
   72,    0
   73, 4095
   74, 4095
   75, 4095
   76, 4095
   77, 4095
   78, 1538
   79, 1990
   80,    0
   81,    0
   82,    0
   83,    0
   84,    0
   85, 1663
   86,    0
   87,    0
   88, 4095
   89, 4095
   90, 4095
   91, 4095
   92, 4095
   93, 4095
   94, 4095
   95, 4095
   96,    0
   97,    0
   98,    0
   99,    0
  100,    0
  101,    0
  102,    0
  103,  629
  104, 4095
  105, 4095
  106, 4095
  107, 4095
  108, 4095
  109, 4095
  110, 2081
  111,    0
  112,    0
  113,    0
  114, 4095
  115, 2056
  116,    0
  117,  957
  118, 4095
  119, 2041
  120,    0
  121,    0
  122,    0
  123,    0
  124,    0
  125,    0
  126, 4095
  127, 4095
  128, 4095
  129, 4095
  130, 4095
  131, 4095
  132, 4095
  133, 4095
  134, 2041
  135,    0
  136,    0
  137,    0
  138,    0
  139,    0
  140,    0
  141,    0
  142,   92
  143, 4095
  144, 4095
  145, 4095
  146, 4095
  147, 2768
  148, 4095
  149, 2043
  150,    0
  151,    0
  152,    0
  153,    0
  154,    0
  155,    0
  156,    0
  157, 4095
  158, 4095
  159, 4095
  160, 4095
  161, 4095
  162, 4095
  163, 2041
  164,    0
  165,    0
  166,    0
  167,    0
  168,    0
  169, 4095
  170, 4095
  171, 2046
  172,    0
  173,    0
  174, 3449
  175, 2514
  176, 4095
  177, 4095
  178,  247
  179,    0
  180,    0
  181, 1666
  182, 4095
  183, 4095
  184, 4095
  185, 4095
  186, 4095
  187, 2039
  188,    0
  189,    0
  190,    0
  191,    0
  192,    0
  193,    0
  194,    0
  195, 4095
  196, 4095
  197, 4095
  198, 4095
  199, 4095
  200, 4095
  201, 4095
  202, 2040
  203,    0
  204,    0
  205,    0
  206,    0
  207,    0
  208,    0
  209,    0
  210,  282
  211, 4095
  212, 4095
  213, 4095
  214, 4095
  215, 4095
  216, 2039
  217,    0
  218,    0
  219,    0
  220,    0
  221,    0
  222,    0
  223,    0
  224,    0
  225,    0
  226,    0
  227,    0
  228, 4095
  229, 4095
  230, 4095
  231, 4095
  232, 4095
  233, 4095
  234, 4095
  235, 1951
  236,    0
  237, 4095
  238, 4095
  239, 2036
  240,    0
  241,    0
  242,    0
  243,    0
  244,    0
  245,    0
  246, 4095
  247, 4095
  248, 2686
  249,  503
  250, 1306
  251, 4095
  252, 4095
  253, 2036
  254,    0
  255, 4095
  256, 4095
  257, 4095
  258,    0
  259,    0
  260,    0
  261, 3078
  262, 2681
  263, 1794
  264, 1295
  265,    0
  266,  648
  267, 3969
  268, 4095
  269, 4095
  270, 3939
  271,    0
  272,    0
  273, 3105
  274,    0
  275,    0
  276, 4095
  277, 4095
  278, 4095
  279,  354
  280,    0
  281,    0
  282, 2264
  283,    0
  284,    0
  285,    0
  286,    0
  287,    0
  288,    0
  289, 4095
  290, 4095
  291, 4095
  292, 4095
  293, 4095
  294, 4095
  295, 4095
  296, 4095
  297,    0
  298,    0
  299,    0
  300,    0
  301,    0
  302,    0
  303,    0
  304,    0
  305,    0
  306,    0
  307, 4095
  308, 4095
  309, 4095
  310, 4095
  311, 4095
  312, 4095
  313,  603
  314,    0
  315,    0
  316, 4095
  317, 4095
  318, 2042
  319,    0
  320,    0
  321, 4095
  322, 4095
  323, 4095
  324,  732
  325,    0
  326,    0
  327,    0
  328,    0
  329,    0
  330,    0
  331, 2242
  332, 4095
  333, 2652
  334, 1758
  335, 4095
  336, 4095
  337, 4049
  338, 1716
  339, 2420
  340, 3644
  341, 3534
  342, 1490
  343, 1558
  344, 2883
  345, 1214
  346,  469
  347, 2069
  348, 3296
  349, 4095
  350, 3150
  351,  150
  352,    0
  353,    0
  354,  945
  355, 4095
  356, 2027
  357,    0
  358,    0
  359, 4095
  360, 4095
  361, 4095
  362, 2019
  363, 4095
  364, 4095
  365, 1722
  366,    0
  367,    0
  368, 1231
  369,   91
  370,    0
  371,    0
  372, 3453
  373, 2734
  374,  612
  375, 3055
  376, 4095
  377, 4095
  378, 4095
  379, 3311
  380, 3943
  381, 4095
  382, 1764
  383, 1854
  384, 2033
  385,    0
  386,    0
  387,    0
  388, 1558
  389, 1782
  390,    0
  391,    0
  392,    0
  393, 4095
  394, 4095
  395, 4095
  396, 3909
  397, 4095
  398, 4095
  399, 4095
  400,    0
  401,    0
  402, 4095
  403, 4095
  404, 4095
  405,    0
  406,    0
  407,    0
  408,    0
  409,    0
  410,    0
  411,  316
  412,   41
  413,    0
  414,    0
  415, 4095
  416, 4095
  417, 4095
  418, 4095
  419, 4095
  420, 4095
  421, 4095
  422,    0
  423,    0
  424,    0
  425,    0
  426,    0
  427,    0
  428,    0
  429, 4095
  430, 4095
  431, 4095
  432, 3220
  433, 4095
  434, 2048
  435,    0
  436,    0
  437,  731
  438,  892
  439,    0
  440,    0
  441,    0
  442, 3119
  443, 4095
  444, 4095
  445, 4095
  446, 3724
  447, 2539
  448, 3454
  449, 2512
  450,    0
  451,    0
  452, 1320
  453, 4095
  454, 4095
  455, 4095
  456, 2999
  457, 2181
  458, 2396
  459,    0
  460,    0
  461,    0
  462,    0
  463,    0
  464,    0
  465,    0
  466, 4095
  467, 4095
  468, 4095
  469, 4095
  470, 4095
  471, 4095
  472, 4095
  473, 2042
  474,    0
  475,    0
  476,    0
  477,    0
  478,    0
  479,    0
  480,    0
  481, 4095
  482, 4095
  483, 4095
  484, 4095
  485, 4095
  486, 4095
  487, 4095
  488,    0
  489,    0
  490,    0
  491,    0
  492,    0
  493,    0
  494,    0
  495, 1501
  496, 4095
  497, 4095
  498, 3697
  499, 2796
  500, 3582
  501, 4095
  502, 4095
  503, 4060
  504, 4095
  505, 4095
  506, 4095
  507, 4095
  508, 4095
  509, 2774
  510,    0
  511,    0
  512,    0
  513,    0
  514,    0
  515,    0
  516,    0
  517,    0
  518, 3719
  519, 4095
  520, 4095
  521, 4095
  522, 4095
  523, 4095
  524, 4095
  525, 4095
  526, 2042
  527,    0
  528,    0
  529,    0
  530,    0
  531,    0
  532,    0
  533,    0
  534, 4095
  535, 4095
  536, 4095
  537, 4095
  538, 4095
  539, 4095
  540, 4095
  541, 4095
  542, 3375
  543,    0
  544,    0
  545,    0
  546,    0
  547,    0
  548,    0
  549,    0
  550,    0
  551, 1747
  552, 4095
  553, 4095
  554, 4095
  555, 4095
  556, 4095
  557, 4095
  558, 4095
  559, 3839
  560,  297
  561,    0
  562,    0
  563,    0
  564,    0
  565,    0
  566,    0
  567,    0
  568,    0
  569, 4095
  570, 4095
  571, 4095
  572, 4095
  573, 4095
  574, 4095
  575, 4095
  576, 3856
  577,    0
  578,    0
  579,    0
  580,    0
  581,    0
  582,    0
  583,    0
  584, 4095
  585, 4095
  586, 4095
  587, 4095
  588, 4095
  589, 4095
  590, 4095
  591, 4095
  592, 2031
  593,    0
  594,    0
  595,    0
  596,    0
  597,    0
  598,    0
  599,    0
  600, 1734
  601, 4095
  602, 4095
  603, 4095
  604, 4095
  605, 4095
  606, 4095
  607, 4095
  608, 4095
  609, 4095
  610, 1740
  611,    0
  612,    0
  613,    0
  614,    0
  615,    0
  616,    0
  617,    0
  618,    0
  619, 4095
  620, 4095
  621, 4095
  622, 4095
  623, 4095
  624, 4095
  625, 4095
  626, 4095
  627, 2814
  628,    0
  629,    0
  630,    0
  631,    0
  632,    0
  633,    0
  634,    0
  635,    0
  636, 4095
  637, 4095
  638, 4095
  639, 4095
  640, 4095
  641, 4095
  642, 4095
  643, 4095
  644, 2466
  645,    0
  646,    0
  647,    0
  648,    0
  649,    0
  650,    0
  651,    0
  652,    0
  653, 3729
  654, 4095
  655, 4095
  656, 4095
  657, 4095
  658, 4095
  659, 4095
  660, 4095
  661, 2561
  662,    0
  663,    0
  664,    0
  665,    0
  666,    0
  667,    0
  668,    0
  669,    0
  670,    0
  671, 3793
  672, 4095
  673, 4095
  674, 4095
  675, 4095
  676, 4095
  677, 4095
  678, 4095
  679, 1909
  680,    0
  681,    0
  682,    0
  683,    0
  684,    0
  685,    0
  686, 1337
  687, 4095
  688, 4095
  689, 4095
  690, 4095
  691, 4095
  692, 4095
  693, 4095
  694,  330
  695,    0
  696,    0
  697,    0
  698,    0
  699,    0
  700,    0
  701,  178
  702, 3052
  703, 3402
  704, 4095
  705, 4095
  706, 4095
  707, 4095
  708, 4095
  709, 4095
  710, 3538
  711, 3098
  712, 1359
  713,    0
  714,    0
  715,    0
  716,    0
  717,    0
  718,    0
  719,    0
  720, 1314
  721, 4095
  722, 4095
  723, 4095
  724, 4095
  725, 4095
  726, 4095
  727, 4095
  728, 3396
  729, 1400
  730,    0
  731,    0
  732,    0
  733,    0
  734,    0
  735,    0
  736,    0
  737, 2049
  738, 4095
  739, 4095
  740, 4095
  741, 4095
  742, 4095
  743, 4095
  744, 4095
  745, 2640
  746,    0
  747,    0
  748,   70
  749,    0
  750,    0
  751,    0
  752,  133
  753, 2085
  754, 2430
  755, 3614
  756, 4095
  757, 4095
  758, 4095
  759, 3781
  760, 3093
  761, 1627
  762,  929
  763, 1406
  764,  638
  765,    0
  766,    0
  767,  440
  768, 1748
  769, 2908
  770, 4095
  771, 4095
  772, 4095
  773, 4095
  774, 2783
  775, 1486
  776, 2970
  777, 3380
  778,  745
  779,    0
  780,    0
  781,    0
  782, 2079
  783, 1709
  784,  212
  785,  570
  786, 3510
  787, 4095
  788, 3799
  789, 2972
  790, 4095
  791, 4095
  792, 3070
  793, 1284
  794, 1565
  795, 2914
  796, 2518
  797,    0
  798,    0
  799,    0
  800,  744
  801,    0
  802,    0
  803, 1473
  804, 4095
  805, 4095
  806, 4095
  807, 4095
  808, 4095
  809, 4095
  810, 4095
  811, 1958
  812,    0
  813,  174
  814, 1119
  815,  616
  816,    0
  817,    0
  818,    0
  819, 1494
  820, 2913
  821, 3534
  822, 4008
  823, 4095
  824, 4095
  825, 4095
  826, 4095
  827, 4095
  828, 2803
  829,    0
  830,    0
  831,    0
  832,    0
  833,    0
  834,  385
  835, 3351
  836, 4095
  837, 3533
  838, 2310
  839, 3553
  840, 4095
  841, 4095
  842, 2537
  843,  189
  844,    0
  845,    0
  846,    0
  847,    0
  848,  600
  849, 3346
  850, 2286
  851,  482
  852, 1278
  853, 4095
  854, 4095
  855, 4095
  856, 4095
  857, 4095
  858, 4095
  859, 4010
  860,  105
  861,    0
  862,    0
  863,    0
  864,    0
  865,    0
  866,    0
  867,    0
  868,   80
  869, 1999
  870, 4095
  871, 4095
  872, 4095
  873, 4095
  874, 4095
  875, 4095
  876, 4095
  877, 3152
  878, 1430
  879,    0
  880,    0
  881,    0
  882,    0
  883,    0
  884, 1728
  885, 2167
  886, 1824
  887, 3615
  888, 4095
  889, 4095
  890, 4095
  891, 4095
  892, 4095
  893, 3980
  894,  691
  895,    0
  896,    0
  897,    0
  898,    0
  899,    0
  900,    0
  901,    0
  902, 4095
  903, 4095
  904, 4095
  905, 4095
  906, 4095
  907, 4095
  908, 4095
  909, 3317
  910, 2020
  911,  255
  912,    0
  913,    0
  914,    0
  915,    0
  916,    0
  917, 1507
  918, 2739
  919, 3591
  920, 4095
  921, 4095
  922, 4095
  923, 4095
  924, 4095
  925, 4095
  926, 1747
  927,  427
  928,    0
  929,    0
  930,    0
  931,    0
  932,    0
  933,    0
  934,    0
  935, 2385
  936, 4095
  937, 4095
  938, 4095
  939, 4095
  940, 4095
  941, 4095
  942, 4095
  943, 2808
  944,  465
  945,    0
  946,    0
  947,    0
  948,    0
  949,    0
  950,    0
  951,    0
  952, 1948
  953, 4095
  954, 4095
  955, 4095
  956, 4095
  957, 4095
  958, 4095
  959, 4095
  960, 4095
  961, 2559
  962,   22
  963,    0
  964,    0
  965,    0
  966,    0
  967,    0
  968,  432
  969, 1133
  970, 2184
  971, 3942
  972, 4095
  973, 4095
  974, 4095
  975, 4090
  976, 3932
  977, 2483
  978,    0
  979,    0
  980, 1310
  981, 1890
  982,  347
  983,    0
  984,    0
  985, 1216
  986, 3191
  987, 3989
  988, 4095
  989, 4095
  990, 4095
  991, 3356
  992, 1929
  993, 1697
  994, 1661
  995,  866
  996,  361
  997,   10
  998,    0
  999,    0
 1000,    0
 1001, 2038
 1002, 3344
 1003, 3719
 1004, 3735
 1005, 4095
 1006, 4095
 1007, 4095
 1008, 4095
 1009, 3324
 1010, 1974
 1011, 1103
 1012,    0
 1013,    0
 1014,    0
 1015,    0
 1016,  739
 1017,  326
 1018,  604
 1019, 3441
 1020, 4095
 1021, 4095
 1022, 3608
 1023, 4095
 1024, 4095
 1025, 4095
 1026, 1555
 1027,  145
 1028, 1082
 1029, 2013
 1030, 1276
 1031,    0
 1032,    0
 1033,  511
 1034,  933
 1035,  531
 1036,  859
 1037, 2299
 1038, 3648
 1039, 4095
 1040, 4095
 1041, 3717
 1042, 3470
 1043, 3572
 1044, 3381
 1045, 2545
 1046, 1500
 1047,  676
 1048,  405
 1049,  456
 1050,  165
 1051,  238
 1052, 1291
 1053, 1549
 1054,  891
 1055, 1440
 1056, 2720
 1057, 2781
 1058, 2983
 1059, 3953
 1060, 3799
 1061, 2502
 1062, 1649
 1063, 1676
 1064, 1762
 1065, 1466
 1066, 1576
 1067, 2149
 1068, 2279
 1069, 1944
 1070, 2098
 1071, 2384
 1072, 2060
 1073, 1963
 1074, 2641
 1075, 2482
 1076, 1091
 1077,  791
 1078, 1920
 1079, 1896
 1080,  709
 1081,  737
 1082, 2277
 1083, 3178
 1084, 3128
 1085, 2876
 1086, 2565
 1087, 2346
 1088, 2320
 1089, 2462
 1090, 2804
 1091, 2918
 1092, 2158
 1093, 1193
 1094, 1078
 1095, 1734
 1096, 1933
 1097, 1400
 1098, 1324
 1099, 1900
 1100, 1698
 1101, 1236
 1102, 1456
 1103, 1561
 1104, 1885
 1105, 2957
 1106, 3249
 1107, 2631
 1108, 2467
 1109, 2549
 1110, 2506
 1111, 2516
 1112, 2083
 1113, 1506
 1114, 1507
 1115, 1484
 1116, 1069
 1117, 1105
 1118, 1777
 1119, 2393
 1120, 2707
 1121, 2773
 1122, 2973
 1123, 3052
 1124, 2238
 1125, 1449
 1126, 1707
 1127, 2107
 1128, 2078
 1129, 1831
 1130, 1060
 1131,  805
 1132, 2047
 1133, 3052
 1134, 2922
 1135, 2471
 1136, 1915
 1137, 1360
 1138, 1259
 1139, 1299
 1140, 1595
 1141, 2304
 1142, 2653
 1143, 2400
 1144, 1904
 1145, 1303
 1146, 1410
 1147, 2226
 1148, 2909
 1149, 3502
 1150, 3381
 1151, 1868
 1152,  699
 1153, 1304
 1154, 2411
 1155, 2507
 1156, 1781
 1157, 1047
 1158,  962
 1159, 1160
 1160, 1325
 1161, 2185
 1162, 3000
 1163, 2702
 1164, 1941
 1165, 1810
 1166, 2274
 1167, 2829
 1168, 3088
 1169, 3190
 1170, 2893
 1171, 2025
 1172, 2055
 1173, 2940
 1174, 2022
 1175,  104
 1176,  385
 1177, 1952
 1178, 1399
 1179,  116
 1180,  517
 1181, 2066
 1182, 2555
 1183, 2364
 1184, 2933
 1185, 3743
 1186, 3681
 1187, 3371
 1188, 3340
 1189, 2907
 1190, 2207
 1191, 1764
 1192, 1164
 1193,  424
 1194,  178
 1195,  336
 1196,  845
 1197, 1388
 1198, 1583
 1199, 2047
 1200, 3122
 1201, 3591
 1202, 3207
 1203, 3004
 1204, 3090
 1205, 3161
 1206, 3290
 1207, 2323
 1208,  760
 1209,  380
 1210,  981
 1211, 1604
 1212, 1840
 1213, 1342
 1214,  885
 1215, 1267
 1216, 1714
 1217, 2058
 1218, 2607
 1219, 2852
 1220, 2848
 1221, 2542
 1222, 1700
 1223, 1475
 1224, 2164
 1225, 2375
 1226, 2441
 1227, 2495
 1228, 1837
 1229, 1311
 1230, 1799
 1231, 2496
 1232, 2678
 1233, 2323
 1234, 1951
 1235, 2079
 1236, 2173
 1237, 1961
 1238, 1788
 1239, 1587
 1240, 1527
 1241, 1722
 1242, 1448
 1243, 1231
 1244, 2036
 1245, 2531
 1246, 2150
 1247, 2276
 1248, 2518
 1249, 2159
 1250, 2202
 1251, 2758
 1252, 3110
 1253, 3466
 1254, 3291
 1255, 2473
 1256, 1829
 1257, 1303
 1258,  822
 1259,  762
 1260,  700
 1261,  676
 1262, 1181
 1263, 1534
 1264, 1719
 1265, 2229
 1266, 2338
 1267, 2652
 1268, 3853
 1269, 3829
 1270, 2479
 1271, 2389
 1272, 3071
 1273, 2427
 1274, 1403
 1275, 1317
 1276, 1429
 1277, 1066
 1278,  518
 1279,  842
 1280, 2021
 1281, 2442
 1282, 2196
 1283, 1939
 1284, 1353
 1285, 1448
 1286, 2672
 1287, 2960
 1288, 2126
 1289, 1745
 1290, 2106
 1291, 2672
 1292, 2718
 1293, 2159
 1294, 2730
 1295, 4015
 1296, 3353
 1297, 1469
 1298, 1101
 1299, 1671
 1300, 1374
 1301,  770
 1302,  816
 1303,  971
 1304,  427
 1305,  216
 1306, 1327
 1307, 2698
 1308, 3406
 1309, 4086
 1310, 4048
 1311, 2847
 1312, 2258
 1313, 3006
 1314, 3380
 1315, 3062
 1316, 2470
 1317, 1311
 1318,  230
 1319,  161
 1320,  894
 1321, 1538
 1322, 1400
 1323, 1109
 1324, 1841
 1325, 2755
 1326, 2383
 1327, 1401
 1328, 1426
 1329, 2828
 1330, 3932
 1331, 3305
 1332, 2102
 1333, 2175
 1334, 3072
 1335, 3226
 1336, 2307
 1337, 1318
 1338, 1284
 1339, 1644
 1340,  882
 1341,    0
 1342,  503
 1343, 2292
 1344, 3007
 1345, 2347
 1346, 1938
 1347, 2679
 1348, 3390
 1349, 2970
 1350, 1976
 1351, 1623
 1352, 1920
 1353, 1737
 1354,  765
 1355,  308
 1356, 1178
 1357, 2537
 1358, 3226
 1359, 3140
 1360, 2990
 1361, 2852
 1362, 2543
 1363, 2402
 1364, 2489
 1365, 2208
 1366, 1607
 1367, 1030
 1368,  563
 1369,  204
 1370,  152
 1371,  630
 1372, 1602
 1373, 2634
 1374, 3183
 1375, 3279
 1376, 3486
 1377, 4086
 1378, 4095
 1379, 3130
 1380, 2010
 1381, 1853
 1382, 1726
 1383, 1031
 1384,  672
 1385,  713
 1386,  772
 1387, 1165
 1388, 1509
 1389, 1312
 1390, 1500
 1391, 2493
 1392, 3087
 1393, 2815
 1394, 2378
 1395, 2489
 1396, 2868
 1397, 2858
 1398, 2583
 1399, 2538
 1400, 2766
 1401, 2793
 1402, 2183
 1403, 1470
 1404, 1361
 1405, 1158
 1406,  394
 1407,  248
 1408,  930
 1409, 1269
 1410, 1363
 1411, 1859
 1412, 2647
 1413, 3400
 1414, 3637
 1415, 3342
 1416, 3312
 1417, 3563
 1418, 3178
 1419, 2180
 1420, 1616
 1421, 1421
 1422,  886
 1423,  282
 1424,  190
 1425,  670
 1426, 1475
 1427, 2145
 1428, 2583
 1429, 2793
 1430, 2720
 1431, 2530
 1432, 2323
 1433, 2059
 1434, 2445
 1435, 3010
 1436, 2363
 1437, 1392
 1438, 1414
 1439, 1583
 1440, 1641
 1441, 2198
 1442, 2422
 1443, 2004
 1444, 1759
 1445, 1744
 1446, 1870
 1447, 2350
 1448, 2855
 1449, 2788
 1450, 2098
 1451, 1641
 1452, 1681
 1453, 1366
 1454, 1192
 1455, 2055
 1456, 2493
 1457, 1720
 1458, 1143
 1459, 1092
 1460, 1082
 1461, 1830
 1462, 3207
 1463, 3685
 1464, 3182
 1465, 2934
 1466, 3331
 1467, 3527
 1468, 2955
 1469, 2189
 1470, 1897
 1471, 1347
 1472,  260
 1473,    0
 1474,    0
 1475,  248
 1476,  645
 1477, 1285
 1478, 2374
 1479, 3800
 1480, 4095
 1481, 3453
 1482, 3541
 1483, 4020
 1484, 3592
 1485, 2630
 1486, 1789
 1487, 1325
 1488, 1266
 1489,  780
 1490,    8
 1491,  208
 1492, 1163
 1493, 1504
 1494, 1347
 1495, 1621
 1496, 2489
 1497, 3309
 1498, 3444
 1499, 3166
 1500, 3092
 1501, 3060
 1502, 2494
 1503, 1737
 1504, 1510
 1505, 1724
 1506, 1888
 1507, 1524
 1508,  667
 1509,  512
 1510, 1420
 1511, 2101
 1512, 1973
 1513, 1783
 1514, 2258
 1515, 2834
 1516, 2592
 1517, 2145
 1518, 2618
 1519, 3177
 1520, 2752
 1521, 2022
 1522, 1740
 1523, 1818
 1524, 1803
 1525, 1707
 1526, 1666
 1527, 1553
 1528, 1558
 1529, 1991
 1530, 2331
 1531, 2177
 1532, 2197
 1533, 2522
 1534, 2324
 1535, 1943
 1536, 2129
 1537, 2216
 1538, 1941
 1539, 1943
 1540, 2011
 1541, 1634
 1542, 1336
 1543, 1546
 1544, 2136
 1545, 2509
 1546, 2267
 1547, 2013
 1548, 2257
 1549, 2647
 1550, 2864
 1551, 2742
 1552, 2240
 1553, 1817
 1554, 1519
 1555, 1226
 1556, 1157
 1557, 1197
 1558, 1378
 1559, 1982
 1560, 2305
 1561, 2018
 1562, 2016
 1563, 2274
 1564, 2269
 1565, 2151
 1566, 2191
 1567, 2497
 1568, 2726
 1569, 2436
 1570, 2125
 1571, 2266
 1572, 2313
 1573, 2039
 1574, 1931
 1575, 1928
 1576, 1663
 1577, 1427
 1578, 1289
 1579, 1002
 1580,  957
 1581, 1644
 1582, 2347
 1583, 2334
 1584, 2198
 1585, 2470
 1586, 2654
 1587, 2632
 1588, 3010
 1589, 3505
 1590, 3190
 1591, 2193
 1592, 1519
 1593, 1351
 1594, 1240
 1595, 1058
 1596,  867
 1597,  935
 1598, 1138
 1599, 1375
 1600, 1958
 1601, 2716
 1602, 3103
 1603, 3250
 1604, 3333
 1605, 2877
 1606, 2142
 1607, 1901
 1608, 2074
 1609, 2179
 1610, 1903
 1611, 1336
 1612,  961
 1613, 1114
 1614, 1613
 1615, 2108
 1616, 2241
 1617, 2192
 1618, 2387
 1619, 2471
 1620, 1989
 1621, 1702
 1622, 2257
 1623, 2853
 1624, 2738
 1625, 1923
 1626, 1405
 1627, 1941
 1628, 2452
 1629, 1886
 1630, 1320
 1631, 1583
 1632, 2214
 1633, 2370
 1634, 1825
 1635, 1401
 1636, 1834
 1637, 2516
 1638, 2709
 1639, 2427
 1640, 2104
 1641, 2163
 1642, 2212
 1643, 1707
 1644, 1338
 1645, 1645
 1646, 1937
 1647, 1734
 1648, 1564
 1649, 1765
 1650, 2116
 1651, 2521
 1652, 3044
 1653, 3247
 1654, 2618
